71
349 660
792 631
122 409
528 805
511 239
922 39
877 900
831 532
546 663
612 671
202 617
668 340
687 275
773 957
219 433
761 815
309 632
624 41
195 900
124 997
447 477
373 266
637 467
246 505
876 823
224 15
195 564
925 378
125 654
552 479
112 250
483 91
683 966
641 832
926 482
557 963
270 592
211 356
577 263
437 758
239 966
648 31
761 727
49 50
198 914
266 467
236 316
785 250
909 999
115 540
898 828
381 471
635 878
971 357
208 177
165 202
626 539
110 777
301 706
198 67
730 6
251 570
768 367
884 998
835 450
454 205
720 697
594 408
303 177
23 820
834 24
404 334
973 694
897 739
167 491
750 495
720 962
907 476
139 532
282 389
182 48
363 67
327 617
950 16
210 176
102 34
248 316
116 538
554 504
665 446
574 76
528 284
273 54
3 840
502 938
93 600
78 831
680 637
376 973
112 189
931 804
8 791
34 726
171 550
351 744
133 162
155 76
572 971
436 171
137 824
640 337
483 695
58 153
542 165
315 380
496 408
450 604
372 851
567 621
427 994
452 806
391 351
637 36
906 748
594 744
975 554
754 178
534 857
67 142
918 401
383 614
966 505
624 128
660 245
480 529
722 77
890 626
54 748
773 963
465 623
610 213
315 199
372 604
541 856
152 540
142 298
541 611
834 735
717 240
935 743
660 675
346 665
265 917
874 595
35 25
475 795
917 867
719 126
813 151
15 346
306 333
848 848
308 772
628 172
168 421
862 79
556 210
498 204
424 238
435 866
222 318
767 746
659 305
649 209
350 820
686 104
392 585
802 778
765 656
860 774
290 854
399 262
103 446
666 799
783 158
386 506
390 867
230 146
851 903
635 55
118 538
729 26
451 438
70 18
175 752
954 854
34 108
107 268
566 160
250 370
472 859
973 731
620 391
430 484
382 350
268 543
206 393
768 591
627 46
315 534
667 243
622 380
529 526
914 576
393 286
634 492
953 768
277 724
480 771
848 903
851 413
739 754
493 401
947 705
775 640
801 263
88 241
952 367
775 996
45 172
895 691
882 94
634 154
211 943
865 581
252 365
195 868
610 40
652 275
322 318
87 765
320 645
311 18
785 793
947 486
322 6
337 932
578 225
796 67
517 42
928 327
555 252
525 339
736 488
378 422
397 575
933 508
336 855
1000 775
943 912
93 741
402 535
78 963
682 51
894 634
308 718
76 673
187 302
362 227
805 924
856 643
429 436
318 269
841 807
610 175
164 405
671 584
542 951
431 199
210 860
25 759
993 635
510 977
262 65
