20 1000 5
367616
989184
107520
117760
82944
261120
75776
241664
828416
209920
190464
961536
509952
781312
494592
333824
126976
722944
86016
1040384
814080
499712
498688
930816
907264
354304
309248
625664
576512
949248
205824
944128
890880
313344
13312
973824
574464
90112
166912
354304
300032
357376
267264
809984
90112
762880
96256
217088
437248
182272
209920
202752
683008
708608
86016
541696
14336
395264
118784
590848
295936
324608
487424
138240
638976
500736
63488
164864
590848
230400
520192
891904
587776
787456
653312
678912
501760
749568
896000
940032
932864
57344
94208
567296
765952
180224
60416
781312
575488
179200
323584
872448
503808
811008
1010688
94208
264192
26624
260096
855040
257024
780288
698368
845824
519168
304128
476160
1021952
5120
323584
913408
937984
381952
1007616
456704
99328
140288
517120
880640
715776
696320
156672
539648
152576
967680
502784
246784
183296
529408
506880
1039360
786432
238592
689152
583680
758784
993280
11264
732160
999424
335872
596992
888832
717824
556032
297984
817152
696320
815104
650240
364544
463872
806912
904192
616448
726016
358400
863232
910336
887808
322560
901120
626688
561152
541696
161792
271360
487424
174080
1003520
438272
509952
551936
278528
179200
60416
576512
996352
756736
344064
598016
72704
807936
356352
977920
375808
34816
287744
190464
945152
128000
513024
797696
754688
26624
290816
916480
297984
778240
41984
253952
167936
551936
805888
447488
731136
866304
1024000
679936
575488
319488
229376
648192
78848
586752
577536
454656
621568
866304
646144
518144
994304
110592
267264
700416
137216
558080
568320
436224
288768
611328
690176
456704
114688
447488
904192
846848
266240
880640
478208
841728
151552
707584
441344
231424
245760
1019904
686080
867328
837632
283648
336896
783360
395264
604160
435200
532480
114688
1003520
968704
403456
566272
610304
860160
681984
10240
716800
480256
276480
548864
958464
69632
700416
617472
510976
931840
864256
482304
570368
683008
271360
854016
1020928
6144
200704
576512
441344
734208
691200
397312
654336
46080
963584
217088
907264
596992
227328
575488
28672
503808
75776
987136
573440
776192
557056
35840
660480
372736
519168
182272
7168
790528
1036288
1028096
797696
189440
557056
190464
923648
199680
587776
529408
246784
503808
746496
105472
52224
973824
680960
81920
429056
756736
20480
1002496
484352
577536
1039360
96256
950272
509952
278528
958464
251904
267264
937984
1024
456704
446464
192512
331776
647168
780288
861184
893952
235520
560128
999424
288768
485376
631808
370688
915456
339968
391168
869376
824320
969728
860160
921600
871424
321536
151552
781312
574464
418816
671744
575488
875520
69632
768000
158720
716800
500736
1020928
562176
736256
532480
513024
1025024
1017856
96256
347136
884736
436224
739328
706560
212992
660480
518144
86016
483328
840704
237568
217088
366592
657408
888832
942080
484352
958464
662528
644096
627712
114688
616448
141312
850944
100352
655360
828416
69632
751616
126976
955392
140288
866304
613376
353280
478208
82944
439296
962560
923648
676864
131072
241664
285696
1019904
136192
771072
929792
798720
366592
508928
913408
983040
651264
715776
34816
258048
495616
104448
1009664
623616
11264
101376
441344
624640
454656
920576
708608
893952
834560
583680
523264
965632
826368
808960
936960
962560
531456
818176
712704
898048
279552
577536
832512
930816
244736
867328
140288
741376
972800
101376
316416
984064
203776
757760
561152
658432
629760
221184
504832
415744
804864
1028096
332800
582656
788480
221184
496640
272384
1040384
160768
121856
271360
738304
955392
153600
984064
774144
293888
676864
698368
395264
993280
634880
599040
702464
147456
209920
284672
368640
714752
700416
124928
694272
1034240
708608
434176
206848
156672
706560
198656
318464
829440
470016
8192
736256
623616
992256
461824
917504
620544
112640
265216
565248
747520
864256
220160
894976
25600
504832
215040
740352
156672
339968
386048
142336
0
821248
350208
157696
479232
548864
476160
260096
1019904
484352
996352
594944
429056
410624
464896
1024
523264
730112
567296
222208
545792
787456
68608
572416
243712
283648
264192
400384
623616
651264
543744
624640
423936
893952
782336
903168
394240
209920
115712
365568
694272
63488
961536
74752
474112
377856
76800
997376
59392
644096
171008
605184
382976
239616
129024
626688
523264
394240
1027072
99328
1045504
522240
723968
420864
367616
457728
275456
762880
667648
391168
79872
313344
455680
1041408
389120
929792
370688
465920
879616
430080
61440
2048
1036288
444416
242688
116736
22528
765952
510976
1024
865280
507904
524288
540672
928768
891904
998400
156672
606208
617472
547840
687104
931840
1003520
679936
272384
885760
3072
738304
716800
433152
799744
718848
420864
195584
961536
538624
218112
679936
1024
219136
496640
509952
743424
1038336
390144
587776
988160
546816
145408
558080
47104
832512
441344
2048
464896
713728
887808
467968
403456
556032
901120
154624
227328
274432
350208
140288
813056
568320
820224
814080
787456
269312
275456
483328
259072
666624
22528
198656
164864
167936
756736
211968
1001472
149504
215040
417792
863232
54272
885760
218112
611328
738304
372736
838656
1012736
722944
978944
777216
242688
751616
543744
1031168
1020928
819200
465920
231424
437248
488448
430080
603136
656384
139264
815104
609280
288768
1030144
1027072
104448
36864
864256
322560
648192
555008
696320
438272
519168
370688
368640
248832
614400
71680
792576
596992
44032
563200
14336
275456
1001472
502784
706560
556032
110592
845824
322560
720896
86016
305152
699392
190464
342016
516096
514048
990208
22528
161792
379904
541696
532480
748544
790528
98304
821248
534528
695296
865280
50176
709632
93184
3072
163840
799744
559104
275456
596992
881664
996352
683008
138240
647168
874496
480256
114688
339968
421888
137216
501760
801792
679936
1034240
502784
421888
84992
275456
957440
780288
92160
1007616
442368
185344
1010688
606208
985088
521216
881664
533504
354304
829440
168960
493568
429056
1043456
973824
543744
334848
348160
681984
836608
101376
313344
822272
604160
735232
907264
879616
644096
640000
972800
603136
33792
109568
565248
640000
47104
37888
474112
580608
393216
254976
749568
886784
684032
744448
812032
180224
30720
111616
862208
867328
214016
126976
642048
818176
862208
500736
650240
458752
92160
574464
13312
125952
684032
579584
766976
731136
617472
192512
264192
1010688
447488
1013760
848896
83968
710656
613376
264192
741376
724992
77824
561152
939008
204800
154624
709632
18432
655360
311296
477184
748544
885760
491520
874496
521216
22528
592896
204800
640000
785408
468992
603136
185344
434176
403456
269312
96256
1016832
533504
838656
694272
611328
351232
584704
816128
505856
245760
834560
112640
557056
264192
861184
394240
755712
688128
916480
778240
232448
72704
369664
1018880
541696
972800
155648
975872
328704
424960
24576
296960
958464
863232
991232
521216
165888
528384
288768
671744
774144
74752
784384
283648
338944
598016
677888
46080
237568
545792
824320
470016
618496
146432
440320
111616
70656

